{
 "cells": [
  {
   "cell_type": "code",
   "execution_count": 1,
   "metadata": {},
   "outputs": [],
   "source": [
    "import pandas as pd"
   ]
  },
  {
   "cell_type": "code",
   "execution_count": 2,
   "metadata": {},
   "outputs": [
    {
     "data": {
      "text/html": [
       "<div>\n",
       "<style scoped>\n",
       "    .dataframe tbody tr th:only-of-type {\n",
       "        vertical-align: middle;\n",
       "    }\n",
       "\n",
       "    .dataframe tbody tr th {\n",
       "        vertical-align: top;\n",
       "    }\n",
       "\n",
       "    .dataframe thead th {\n",
       "        text-align: right;\n",
       "    }\n",
       "</style>\n",
       "<table border=\"1\" class=\"dataframe\">\n",
       "  <thead>\n",
       "    <tr style=\"text-align: right;\">\n",
       "      <th></th>\n",
       "      <th>Time</th>\n",
       "      <th>Open</th>\n",
       "      <th>High</th>\n",
       "      <th>Low</th>\n",
       "      <th>Close</th>\n",
       "      <th>Volume</th>\n",
       "    </tr>\n",
       "  </thead>\n",
       "  <tbody>\n",
       "    <tr>\n",
       "      <th>0</th>\n",
       "      <td>2007-03-05 12:00:00</td>\n",
       "      <td>1.30956</td>\n",
       "      <td>1.31145</td>\n",
       "      <td>1.30723</td>\n",
       "      <td>1.30979</td>\n",
       "      <td>185987</td>\n",
       "    </tr>\n",
       "    <tr>\n",
       "      <th>1</th>\n",
       "      <td>2007-03-05 16:00:00</td>\n",
       "      <td>1.30960</td>\n",
       "      <td>1.31112</td>\n",
       "      <td>1.30833</td>\n",
       "      <td>1.30981</td>\n",
       "      <td>1025327</td>\n",
       "    </tr>\n",
       "    <tr>\n",
       "      <th>2</th>\n",
       "      <td>2007-03-05 20:00:00</td>\n",
       "      <td>1.30979</td>\n",
       "      <td>1.30986</td>\n",
       "      <td>1.30782</td>\n",
       "      <td>1.30840</td>\n",
       "      <td>235967</td>\n",
       "    </tr>\n",
       "    <tr>\n",
       "      <th>3</th>\n",
       "      <td>2007-03-06 0:00:00</td>\n",
       "      <td>1.30813</td>\n",
       "      <td>1.31113</td>\n",
       "      <td>1.30798</td>\n",
       "      <td>1.31071</td>\n",
       "      <td>191415</td>\n",
       "    </tr>\n",
       "    <tr>\n",
       "      <th>4</th>\n",
       "      <td>2007-03-06 4:00:00</td>\n",
       "      <td>1.31078</td>\n",
       "      <td>1.31262</td>\n",
       "      <td>1.30923</td>\n",
       "      <td>1.31211</td>\n",
       "      <td>187099</td>\n",
       "    </tr>\n",
       "    <tr>\n",
       "      <th>...</th>\n",
       "      <td>...</td>\n",
       "      <td>...</td>\n",
       "      <td>...</td>\n",
       "      <td>...</td>\n",
       "      <td>...</td>\n",
       "      <td>...</td>\n",
       "    </tr>\n",
       "    <tr>\n",
       "      <th>25841</th>\n",
       "      <td>2023-03-10 0:00:00</td>\n",
       "      <td>1.05855</td>\n",
       "      <td>1.05993</td>\n",
       "      <td>1.05791</td>\n",
       "      <td>1.05967</td>\n",
       "      <td>62976</td>\n",
       "    </tr>\n",
       "    <tr>\n",
       "      <th>25842</th>\n",
       "      <td>2023-03-10 4:00:00</td>\n",
       "      <td>1.05967</td>\n",
       "      <td>1.06066</td>\n",
       "      <td>1.05809</td>\n",
       "      <td>1.05948</td>\n",
       "      <td>58412</td>\n",
       "    </tr>\n",
       "    <tr>\n",
       "      <th>25843</th>\n",
       "      <td>2023-03-10 8:00:00</td>\n",
       "      <td>1.05946</td>\n",
       "      <td>1.06036</td>\n",
       "      <td>1.05738</td>\n",
       "      <td>1.05894</td>\n",
       "      <td>86765</td>\n",
       "    </tr>\n",
       "    <tr>\n",
       "      <th>25844</th>\n",
       "      <td>2023-03-10 12:00:00</td>\n",
       "      <td>1.05896</td>\n",
       "      <td>1.07004</td>\n",
       "      <td>1.05806</td>\n",
       "      <td>1.06872</td>\n",
       "      <td>219311</td>\n",
       "    </tr>\n",
       "    <tr>\n",
       "      <th>25845</th>\n",
       "      <td>2023-03-10 16:00:00</td>\n",
       "      <td>1.06873</td>\n",
       "      <td>1.06873</td>\n",
       "      <td>1.06551</td>\n",
       "      <td>1.06585</td>\n",
       "      <td>43114</td>\n",
       "    </tr>\n",
       "  </tbody>\n",
       "</table>\n",
       "<p>25846 rows × 6 columns</p>\n",
       "</div>"
      ],
      "text/plain": [
       "                      Time     Open     High      Low    Close   Volume\n",
       "0      2007-03-05 12:00:00  1.30956  1.31145  1.30723  1.30979   185987\n",
       "1      2007-03-05 16:00:00  1.30960  1.31112  1.30833  1.30981  1025327\n",
       "2      2007-03-05 20:00:00  1.30979  1.30986  1.30782  1.30840   235967\n",
       "3       2007-03-06 0:00:00  1.30813  1.31113  1.30798  1.31071   191415\n",
       "4       2007-03-06 4:00:00  1.31078  1.31262  1.30923  1.31211   187099\n",
       "...                    ...      ...      ...      ...      ...      ...\n",
       "25841   2023-03-10 0:00:00  1.05855  1.05993  1.05791  1.05967    62976\n",
       "25842   2023-03-10 4:00:00  1.05967  1.06066  1.05809  1.05948    58412\n",
       "25843   2023-03-10 8:00:00  1.05946  1.06036  1.05738  1.05894    86765\n",
       "25844  2023-03-10 12:00:00  1.05896  1.07004  1.05806  1.06872   219311\n",
       "25845  2023-03-10 16:00:00  1.06873  1.06873  1.06551  1.06585    43114\n",
       "\n",
       "[25846 rows x 6 columns]"
      ]
     },
     "execution_count": 2,
     "metadata": {},
     "output_type": "execute_result"
    }
   ],
   "source": [
    "data_init = pd.read_csv('../Data_Forex/EURUSD/EURUSD_H4 - EURUSD_H4.csv')\n",
    "data_init"
   ]
  },
  {
   "cell_type": "code",
   "execution_count": 3,
   "metadata": {},
   "outputs": [
    {
     "data": {
      "text/html": [
       "<div>\n",
       "<style scoped>\n",
       "    .dataframe tbody tr th:only-of-type {\n",
       "        vertical-align: middle;\n",
       "    }\n",
       "\n",
       "    .dataframe tbody tr th {\n",
       "        vertical-align: top;\n",
       "    }\n",
       "\n",
       "    .dataframe thead th {\n",
       "        text-align: right;\n",
       "    }\n",
       "</style>\n",
       "<table border=\"1\" class=\"dataframe\">\n",
       "  <thead>\n",
       "    <tr style=\"text-align: right;\">\n",
       "      <th></th>\n",
       "      <th>2018.07.10</th>\n",
       "      <th>04:00</th>\n",
       "      <th>1.17470</th>\n",
       "      <th>1.17543</th>\n",
       "      <th>1.17308</th>\n",
       "      <th>1.17447</th>\n",
       "      <th>9234</th>\n",
       "    </tr>\n",
       "  </thead>\n",
       "  <tbody>\n",
       "    <tr>\n",
       "      <th>0</th>\n",
       "      <td>2018.07.10</td>\n",
       "      <td>08:00</td>\n",
       "      <td>1.17447</td>\n",
       "      <td>1.17480</td>\n",
       "      <td>1.16899</td>\n",
       "      <td>1.17046</td>\n",
       "      <td>11673</td>\n",
       "    </tr>\n",
       "    <tr>\n",
       "      <th>1</th>\n",
       "      <td>2018.07.10</td>\n",
       "      <td>12:00</td>\n",
       "      <td>1.17044</td>\n",
       "      <td>1.17382</td>\n",
       "      <td>1.16968</td>\n",
       "      <td>1.17286</td>\n",
       "      <td>12260</td>\n",
       "    </tr>\n",
       "    <tr>\n",
       "      <th>2</th>\n",
       "      <td>2018.07.10</td>\n",
       "      <td>16:00</td>\n",
       "      <td>1.17286</td>\n",
       "      <td>1.17485</td>\n",
       "      <td>1.17212</td>\n",
       "      <td>1.17461</td>\n",
       "      <td>7863</td>\n",
       "    </tr>\n",
       "    <tr>\n",
       "      <th>3</th>\n",
       "      <td>2018.07.10</td>\n",
       "      <td>20:00</td>\n",
       "      <td>1.17461</td>\n",
       "      <td>1.17491</td>\n",
       "      <td>1.17230</td>\n",
       "      <td>1.17278</td>\n",
       "      <td>6100</td>\n",
       "    </tr>\n",
       "    <tr>\n",
       "      <th>4</th>\n",
       "      <td>2018.07.11</td>\n",
       "      <td>00:00</td>\n",
       "      <td>1.17277</td>\n",
       "      <td>1.17357</td>\n",
       "      <td>1.17232</td>\n",
       "      <td>1.17287</td>\n",
       "      <td>7712</td>\n",
       "    </tr>\n",
       "    <tr>\n",
       "      <th>...</th>\n",
       "      <td>...</td>\n",
       "      <td>...</td>\n",
       "      <td>...</td>\n",
       "      <td>...</td>\n",
       "      <td>...</td>\n",
       "      <td>...</td>\n",
       "      <td>...</td>\n",
       "    </tr>\n",
       "    <tr>\n",
       "      <th>7854</th>\n",
       "      <td>2023.05.28</td>\n",
       "      <td>21:00</td>\n",
       "      <td>1.07187</td>\n",
       "      <td>1.07273</td>\n",
       "      <td>1.07164</td>\n",
       "      <td>1.07212</td>\n",
       "      <td>603</td>\n",
       "    </tr>\n",
       "    <tr>\n",
       "      <th>7855</th>\n",
       "      <td>2023.05.29</td>\n",
       "      <td>00:00</td>\n",
       "      <td>1.07212</td>\n",
       "      <td>1.07350</td>\n",
       "      <td>1.07168</td>\n",
       "      <td>1.07301</td>\n",
       "      <td>2044</td>\n",
       "    </tr>\n",
       "    <tr>\n",
       "      <th>7856</th>\n",
       "      <td>2023.05.29</td>\n",
       "      <td>04:00</td>\n",
       "      <td>1.07299</td>\n",
       "      <td>1.07431</td>\n",
       "      <td>1.07242</td>\n",
       "      <td>1.07277</td>\n",
       "      <td>3017</td>\n",
       "    </tr>\n",
       "    <tr>\n",
       "      <th>7857</th>\n",
       "      <td>2023.05.29</td>\n",
       "      <td>08:00</td>\n",
       "      <td>1.07279</td>\n",
       "      <td>1.07289</td>\n",
       "      <td>1.07101</td>\n",
       "      <td>1.07101</td>\n",
       "      <td>3264</td>\n",
       "    </tr>\n",
       "    <tr>\n",
       "      <th>7858</th>\n",
       "      <td>2023.05.29</td>\n",
       "      <td>12:00</td>\n",
       "      <td>1.07103</td>\n",
       "      <td>1.07153</td>\n",
       "      <td>1.07057</td>\n",
       "      <td>1.07071</td>\n",
       "      <td>1856</td>\n",
       "    </tr>\n",
       "  </tbody>\n",
       "</table>\n",
       "<p>7859 rows × 7 columns</p>\n",
       "</div>"
      ],
      "text/plain": [
       "      2018.07.10  04:00  1.17470  1.17543  1.17308  1.17447   9234\n",
       "0     2018.07.10  08:00  1.17447  1.17480  1.16899  1.17046  11673\n",
       "1     2018.07.10  12:00  1.17044  1.17382  1.16968  1.17286  12260\n",
       "2     2018.07.10  16:00  1.17286  1.17485  1.17212  1.17461   7863\n",
       "3     2018.07.10  20:00  1.17461  1.17491  1.17230  1.17278   6100\n",
       "4     2018.07.11  00:00  1.17277  1.17357  1.17232  1.17287   7712\n",
       "...          ...    ...      ...      ...      ...      ...    ...\n",
       "7854  2023.05.28  21:00  1.07187  1.07273  1.07164  1.07212    603\n",
       "7855  2023.05.29  00:00  1.07212  1.07350  1.07168  1.07301   2044\n",
       "7856  2023.05.29  04:00  1.07299  1.07431  1.07242  1.07277   3017\n",
       "7857  2023.05.29  08:00  1.07279  1.07289  1.07101  1.07101   3264\n",
       "7858  2023.05.29  12:00  1.07103  1.07153  1.07057  1.07071   1856\n",
       "\n",
       "[7859 rows x 7 columns]"
      ]
     },
     "execution_count": 3,
     "metadata": {},
     "output_type": "execute_result"
    }
   ],
   "source": [
    "data_exness = pd.read_csv('../Data_Forex/EURUSD/EURUSDm240.csv')\n",
    "data_exness"
   ]
  },
  {
   "cell_type": "code",
   "execution_count": 4,
   "metadata": {},
   "outputs": [
    {
     "data": {
      "text/html": [
       "<div>\n",
       "<style scoped>\n",
       "    .dataframe tbody tr th:only-of-type {\n",
       "        vertical-align: middle;\n",
       "    }\n",
       "\n",
       "    .dataframe tbody tr th {\n",
       "        vertical-align: top;\n",
       "    }\n",
       "\n",
       "    .dataframe thead th {\n",
       "        text-align: right;\n",
       "    }\n",
       "</style>\n",
       "<table border=\"1\" class=\"dataframe\">\n",
       "  <thead>\n",
       "    <tr style=\"text-align: right;\">\n",
       "      <th></th>\n",
       "      <th>Open</th>\n",
       "      <th>High</th>\n",
       "      <th>Low</th>\n",
       "      <th>Close</th>\n",
       "      <th>Volume</th>\n",
       "      <th>Time</th>\n",
       "    </tr>\n",
       "  </thead>\n",
       "  <tbody>\n",
       "    <tr>\n",
       "      <th>0</th>\n",
       "      <td>1.17447</td>\n",
       "      <td>1.17480</td>\n",
       "      <td>1.16899</td>\n",
       "      <td>1.17046</td>\n",
       "      <td>11673</td>\n",
       "      <td>2018-07-10 08:00:00</td>\n",
       "    </tr>\n",
       "    <tr>\n",
       "      <th>1</th>\n",
       "      <td>1.17044</td>\n",
       "      <td>1.17382</td>\n",
       "      <td>1.16968</td>\n",
       "      <td>1.17286</td>\n",
       "      <td>12260</td>\n",
       "      <td>2018-07-10 12:00:00</td>\n",
       "    </tr>\n",
       "    <tr>\n",
       "      <th>2</th>\n",
       "      <td>1.17286</td>\n",
       "      <td>1.17485</td>\n",
       "      <td>1.17212</td>\n",
       "      <td>1.17461</td>\n",
       "      <td>7863</td>\n",
       "      <td>2018-07-10 16:00:00</td>\n",
       "    </tr>\n",
       "    <tr>\n",
       "      <th>3</th>\n",
       "      <td>1.17461</td>\n",
       "      <td>1.17491</td>\n",
       "      <td>1.17230</td>\n",
       "      <td>1.17278</td>\n",
       "      <td>6100</td>\n",
       "      <td>2018-07-10 20:00:00</td>\n",
       "    </tr>\n",
       "    <tr>\n",
       "      <th>4</th>\n",
       "      <td>1.17277</td>\n",
       "      <td>1.17357</td>\n",
       "      <td>1.17232</td>\n",
       "      <td>1.17287</td>\n",
       "      <td>7712</td>\n",
       "      <td>2018-07-11 00:00:00</td>\n",
       "    </tr>\n",
       "    <tr>\n",
       "      <th>...</th>\n",
       "      <td>...</td>\n",
       "      <td>...</td>\n",
       "      <td>...</td>\n",
       "      <td>...</td>\n",
       "      <td>...</td>\n",
       "      <td>...</td>\n",
       "    </tr>\n",
       "    <tr>\n",
       "      <th>7854</th>\n",
       "      <td>1.07187</td>\n",
       "      <td>1.07273</td>\n",
       "      <td>1.07164</td>\n",
       "      <td>1.07212</td>\n",
       "      <td>603</td>\n",
       "      <td>2023-05-28 21:00:00</td>\n",
       "    </tr>\n",
       "    <tr>\n",
       "      <th>7855</th>\n",
       "      <td>1.07212</td>\n",
       "      <td>1.07350</td>\n",
       "      <td>1.07168</td>\n",
       "      <td>1.07301</td>\n",
       "      <td>2044</td>\n",
       "      <td>2023-05-29 00:00:00</td>\n",
       "    </tr>\n",
       "    <tr>\n",
       "      <th>7856</th>\n",
       "      <td>1.07299</td>\n",
       "      <td>1.07431</td>\n",
       "      <td>1.07242</td>\n",
       "      <td>1.07277</td>\n",
       "      <td>3017</td>\n",
       "      <td>2023-05-29 04:00:00</td>\n",
       "    </tr>\n",
       "    <tr>\n",
       "      <th>7857</th>\n",
       "      <td>1.07279</td>\n",
       "      <td>1.07289</td>\n",
       "      <td>1.07101</td>\n",
       "      <td>1.07101</td>\n",
       "      <td>3264</td>\n",
       "      <td>2023-05-29 08:00:00</td>\n",
       "    </tr>\n",
       "    <tr>\n",
       "      <th>7858</th>\n",
       "      <td>1.07103</td>\n",
       "      <td>1.07153</td>\n",
       "      <td>1.07057</td>\n",
       "      <td>1.07071</td>\n",
       "      <td>1856</td>\n",
       "      <td>2023-05-29 12:00:00</td>\n",
       "    </tr>\n",
       "  </tbody>\n",
       "</table>\n",
       "<p>7859 rows × 6 columns</p>\n",
       "</div>"
      ],
      "text/plain": [
       "         Open     High      Low    Close  Volume                 Time\n",
       "0     1.17447  1.17480  1.16899  1.17046   11673  2018-07-10 08:00:00\n",
       "1     1.17044  1.17382  1.16968  1.17286   12260  2018-07-10 12:00:00\n",
       "2     1.17286  1.17485  1.17212  1.17461    7863  2018-07-10 16:00:00\n",
       "3     1.17461  1.17491  1.17230  1.17278    6100  2018-07-10 20:00:00\n",
       "4     1.17277  1.17357  1.17232  1.17287    7712  2018-07-11 00:00:00\n",
       "...       ...      ...      ...      ...     ...                  ...\n",
       "7854  1.07187  1.07273  1.07164  1.07212     603  2023-05-28 21:00:00\n",
       "7855  1.07212  1.07350  1.07168  1.07301    2044  2023-05-29 00:00:00\n",
       "7856  1.07299  1.07431  1.07242  1.07277    3017  2023-05-29 04:00:00\n",
       "7857  1.07279  1.07289  1.07101  1.07101    3264  2023-05-29 08:00:00\n",
       "7858  1.07103  1.07153  1.07057  1.07071    1856  2023-05-29 12:00:00\n",
       "\n",
       "[7859 rows x 6 columns]"
      ]
     },
     "execution_count": 4,
     "metadata": {},
     "output_type": "execute_result"
    }
   ],
   "source": [
    "columns = ['Date','Time', 'Open', 'High','Low','Close','Volume']\n",
    "data_exness.columns = columns\n",
    "data_exness['DateTime'] = data_exness['Date'] + ' and ' + data_exness['Time']\n",
    "data_exness['DateTime'] = pd.to_datetime(data_exness['DateTime'], format='%Y.%m.%d and %H:%M',errors='coerce')\n",
    "data_exness['DateTime'] = data_exness['DateTime'].dt.strftime('%Y-%m-%d %H:%M:%S')\n",
    "data_exness = data_exness.drop('Time', axis=1)\n",
    "data_exness = data_exness.drop('Date', axis=1)\n",
    "data_exness = data_exness.rename(columns={'DateTime': 'Time'})\n",
    "data_exness"
   ]
  },
  {
   "cell_type": "code",
   "execution_count": 5,
   "metadata": {},
   "outputs": [
    {
     "data": {
      "text/html": [
       "<div>\n",
       "<style scoped>\n",
       "    .dataframe tbody tr th:only-of-type {\n",
       "        vertical-align: middle;\n",
       "    }\n",
       "\n",
       "    .dataframe tbody tr th {\n",
       "        vertical-align: top;\n",
       "    }\n",
       "\n",
       "    .dataframe thead th {\n",
       "        text-align: right;\n",
       "    }\n",
       "</style>\n",
       "<table border=\"1\" class=\"dataframe\">\n",
       "  <thead>\n",
       "    <tr style=\"text-align: right;\">\n",
       "      <th></th>\n",
       "      <th>Time</th>\n",
       "      <th>Open</th>\n",
       "      <th>High</th>\n",
       "      <th>Low</th>\n",
       "      <th>Close</th>\n",
       "      <th>Volume</th>\n",
       "    </tr>\n",
       "  </thead>\n",
       "  <tbody>\n",
       "    <tr>\n",
       "      <th>0</th>\n",
       "      <td>2018-07-10 08:00:00</td>\n",
       "      <td>1.17447</td>\n",
       "      <td>1.17480</td>\n",
       "      <td>1.16899</td>\n",
       "      <td>1.17046</td>\n",
       "      <td>11673</td>\n",
       "    </tr>\n",
       "    <tr>\n",
       "      <th>1</th>\n",
       "      <td>2018-07-10 12:00:00</td>\n",
       "      <td>1.17044</td>\n",
       "      <td>1.17382</td>\n",
       "      <td>1.16968</td>\n",
       "      <td>1.17286</td>\n",
       "      <td>12260</td>\n",
       "    </tr>\n",
       "    <tr>\n",
       "      <th>2</th>\n",
       "      <td>2018-07-10 16:00:00</td>\n",
       "      <td>1.17286</td>\n",
       "      <td>1.17485</td>\n",
       "      <td>1.17212</td>\n",
       "      <td>1.17461</td>\n",
       "      <td>7863</td>\n",
       "    </tr>\n",
       "    <tr>\n",
       "      <th>3</th>\n",
       "      <td>2018-07-10 20:00:00</td>\n",
       "      <td>1.17461</td>\n",
       "      <td>1.17491</td>\n",
       "      <td>1.17230</td>\n",
       "      <td>1.17278</td>\n",
       "      <td>6100</td>\n",
       "    </tr>\n",
       "    <tr>\n",
       "      <th>4</th>\n",
       "      <td>2018-07-11 00:00:00</td>\n",
       "      <td>1.17277</td>\n",
       "      <td>1.17357</td>\n",
       "      <td>1.17232</td>\n",
       "      <td>1.17287</td>\n",
       "      <td>7712</td>\n",
       "    </tr>\n",
       "    <tr>\n",
       "      <th>...</th>\n",
       "      <td>...</td>\n",
       "      <td>...</td>\n",
       "      <td>...</td>\n",
       "      <td>...</td>\n",
       "      <td>...</td>\n",
       "      <td>...</td>\n",
       "    </tr>\n",
       "    <tr>\n",
       "      <th>7854</th>\n",
       "      <td>2023-05-28 21:00:00</td>\n",
       "      <td>1.07187</td>\n",
       "      <td>1.07273</td>\n",
       "      <td>1.07164</td>\n",
       "      <td>1.07212</td>\n",
       "      <td>603</td>\n",
       "    </tr>\n",
       "    <tr>\n",
       "      <th>7855</th>\n",
       "      <td>2023-05-29 00:00:00</td>\n",
       "      <td>1.07212</td>\n",
       "      <td>1.07350</td>\n",
       "      <td>1.07168</td>\n",
       "      <td>1.07301</td>\n",
       "      <td>2044</td>\n",
       "    </tr>\n",
       "    <tr>\n",
       "      <th>7856</th>\n",
       "      <td>2023-05-29 04:00:00</td>\n",
       "      <td>1.07299</td>\n",
       "      <td>1.07431</td>\n",
       "      <td>1.07242</td>\n",
       "      <td>1.07277</td>\n",
       "      <td>3017</td>\n",
       "    </tr>\n",
       "    <tr>\n",
       "      <th>7857</th>\n",
       "      <td>2023-05-29 08:00:00</td>\n",
       "      <td>1.07279</td>\n",
       "      <td>1.07289</td>\n",
       "      <td>1.07101</td>\n",
       "      <td>1.07101</td>\n",
       "      <td>3264</td>\n",
       "    </tr>\n",
       "    <tr>\n",
       "      <th>7858</th>\n",
       "      <td>2023-05-29 12:00:00</td>\n",
       "      <td>1.07103</td>\n",
       "      <td>1.07153</td>\n",
       "      <td>1.07057</td>\n",
       "      <td>1.07071</td>\n",
       "      <td>1856</td>\n",
       "    </tr>\n",
       "  </tbody>\n",
       "</table>\n",
       "<p>7859 rows × 6 columns</p>\n",
       "</div>"
      ],
      "text/plain": [
       "                     Time     Open     High      Low    Close  Volume\n",
       "0     2018-07-10 08:00:00  1.17447  1.17480  1.16899  1.17046   11673\n",
       "1     2018-07-10 12:00:00  1.17044  1.17382  1.16968  1.17286   12260\n",
       "2     2018-07-10 16:00:00  1.17286  1.17485  1.17212  1.17461    7863\n",
       "3     2018-07-10 20:00:00  1.17461  1.17491  1.17230  1.17278    6100\n",
       "4     2018-07-11 00:00:00  1.17277  1.17357  1.17232  1.17287    7712\n",
       "...                   ...      ...      ...      ...      ...     ...\n",
       "7854  2023-05-28 21:00:00  1.07187  1.07273  1.07164  1.07212     603\n",
       "7855  2023-05-29 00:00:00  1.07212  1.07350  1.07168  1.07301    2044\n",
       "7856  2023-05-29 04:00:00  1.07299  1.07431  1.07242  1.07277    3017\n",
       "7857  2023-05-29 08:00:00  1.07279  1.07289  1.07101  1.07101    3264\n",
       "7858  2023-05-29 12:00:00  1.07103  1.07153  1.07057  1.07071    1856\n",
       "\n",
       "[7859 rows x 6 columns]"
      ]
     },
     "execution_count": 5,
     "metadata": {},
     "output_type": "execute_result"
    }
   ],
   "source": [
    "columns = data_exness.columns.tolist()\n",
    "\n",
    "# Specify the current position and target position of the column\n",
    "current_position = 5  # Index of the current column position (zero-based)\n",
    "target_position = 0  # Index where the column will be moved to\n",
    "\n",
    "# Reorder the column list\n",
    "columns.insert(target_position, columns.pop(current_position))\n",
    "data_exness = data_exness[columns]\n",
    "data_exness\n"
   ]
  },
  {
   "cell_type": "code",
   "execution_count": 6,
   "metadata": {},
   "outputs": [
    {
     "name": "stdout",
     "output_type": "stream",
     "text": [
      "                     Time     Open     High      Low    Close  Volume\n",
      "0     2018-07-10 08:00:00  1.17447  1.17480  1.16899  1.17046   11673\n",
      "1     2018-07-10 12:00:00  1.17044  1.17382  1.16968  1.17286   12260\n",
      "2     2018-07-10 16:00:00  1.17286  1.17485  1.17212  1.17461    7863\n",
      "3     2018-07-10 20:00:00  1.17461  1.17491  1.17230  1.17278    6100\n",
      "4     2018-07-11 00:00:00  1.17277  1.17357  1.17232  1.17287    7712\n",
      "...                   ...      ...      ...      ...      ...     ...\n",
      "7854  2023-05-28 21:00:00  1.07187  1.07273  1.07164  1.07212     603\n",
      "7855  2023-05-29 00:00:00  1.07212  1.07350  1.07168  1.07301    2044\n",
      "7856  2023-05-29 04:00:00  1.07299  1.07431  1.07242  1.07277    3017\n",
      "7857  2023-05-29 08:00:00  1.07279  1.07289  1.07101  1.07101    3264\n",
      "7858  2023-05-29 12:00:00  1.07103  1.07153  1.07057  1.07071    1856\n",
      "\n",
      "[7859 rows x 6 columns]\n"
     ]
    },
    {
     "data": {
      "text/html": [
       "<div>\n",
       "<style scoped>\n",
       "    .dataframe tbody tr th:only-of-type {\n",
       "        vertical-align: middle;\n",
       "    }\n",
       "\n",
       "    .dataframe tbody tr th {\n",
       "        vertical-align: top;\n",
       "    }\n",
       "\n",
       "    .dataframe thead th {\n",
       "        text-align: right;\n",
       "    }\n",
       "</style>\n",
       "<table border=\"1\" class=\"dataframe\">\n",
       "  <thead>\n",
       "    <tr style=\"text-align: right;\">\n",
       "      <th></th>\n",
       "      <th>Time</th>\n",
       "      <th>Open</th>\n",
       "      <th>High</th>\n",
       "      <th>Low</th>\n",
       "      <th>Close</th>\n",
       "      <th>Volume</th>\n",
       "    </tr>\n",
       "  </thead>\n",
       "  <tbody>\n",
       "    <tr>\n",
       "      <th>0</th>\n",
       "      <td>2007-03-05 12:00:00</td>\n",
       "      <td>1.30956</td>\n",
       "      <td>1.31145</td>\n",
       "      <td>1.30723</td>\n",
       "      <td>1.30979</td>\n",
       "      <td>185987</td>\n",
       "    </tr>\n",
       "    <tr>\n",
       "      <th>1</th>\n",
       "      <td>2007-03-05 16:00:00</td>\n",
       "      <td>1.30960</td>\n",
       "      <td>1.31112</td>\n",
       "      <td>1.30833</td>\n",
       "      <td>1.30981</td>\n",
       "      <td>1025327</td>\n",
       "    </tr>\n",
       "    <tr>\n",
       "      <th>2</th>\n",
       "      <td>2007-03-05 20:00:00</td>\n",
       "      <td>1.30979</td>\n",
       "      <td>1.30986</td>\n",
       "      <td>1.30782</td>\n",
       "      <td>1.30840</td>\n",
       "      <td>235967</td>\n",
       "    </tr>\n",
       "    <tr>\n",
       "      <th>3</th>\n",
       "      <td>2007-03-06 0:00:00</td>\n",
       "      <td>1.30813</td>\n",
       "      <td>1.31113</td>\n",
       "      <td>1.30798</td>\n",
       "      <td>1.31071</td>\n",
       "      <td>191415</td>\n",
       "    </tr>\n",
       "    <tr>\n",
       "      <th>4</th>\n",
       "      <td>2007-03-06 4:00:00</td>\n",
       "      <td>1.31078</td>\n",
       "      <td>1.31262</td>\n",
       "      <td>1.30923</td>\n",
       "      <td>1.31211</td>\n",
       "      <td>187099</td>\n",
       "    </tr>\n",
       "    <tr>\n",
       "      <th>...</th>\n",
       "      <td>...</td>\n",
       "      <td>...</td>\n",
       "      <td>...</td>\n",
       "      <td>...</td>\n",
       "      <td>...</td>\n",
       "      <td>...</td>\n",
       "    </tr>\n",
       "    <tr>\n",
       "      <th>25841</th>\n",
       "      <td>2023-03-10 0:00:00</td>\n",
       "      <td>1.05855</td>\n",
       "      <td>1.05993</td>\n",
       "      <td>1.05791</td>\n",
       "      <td>1.05967</td>\n",
       "      <td>62976</td>\n",
       "    </tr>\n",
       "    <tr>\n",
       "      <th>25842</th>\n",
       "      <td>2023-03-10 4:00:00</td>\n",
       "      <td>1.05967</td>\n",
       "      <td>1.06066</td>\n",
       "      <td>1.05809</td>\n",
       "      <td>1.05948</td>\n",
       "      <td>58412</td>\n",
       "    </tr>\n",
       "    <tr>\n",
       "      <th>25843</th>\n",
       "      <td>2023-03-10 8:00:00</td>\n",
       "      <td>1.05946</td>\n",
       "      <td>1.06036</td>\n",
       "      <td>1.05738</td>\n",
       "      <td>1.05894</td>\n",
       "      <td>86765</td>\n",
       "    </tr>\n",
       "    <tr>\n",
       "      <th>25844</th>\n",
       "      <td>2023-03-10 12:00:00</td>\n",
       "      <td>1.05896</td>\n",
       "      <td>1.07004</td>\n",
       "      <td>1.05806</td>\n",
       "      <td>1.06872</td>\n",
       "      <td>219311</td>\n",
       "    </tr>\n",
       "    <tr>\n",
       "      <th>25845</th>\n",
       "      <td>2023-03-10 16:00:00</td>\n",
       "      <td>1.06873</td>\n",
       "      <td>1.06873</td>\n",
       "      <td>1.06551</td>\n",
       "      <td>1.06585</td>\n",
       "      <td>43114</td>\n",
       "    </tr>\n",
       "  </tbody>\n",
       "</table>\n",
       "<p>25846 rows × 6 columns</p>\n",
       "</div>"
      ],
      "text/plain": [
       "                      Time     Open     High      Low    Close   Volume\n",
       "0      2007-03-05 12:00:00  1.30956  1.31145  1.30723  1.30979   185987\n",
       "1      2007-03-05 16:00:00  1.30960  1.31112  1.30833  1.30981  1025327\n",
       "2      2007-03-05 20:00:00  1.30979  1.30986  1.30782  1.30840   235967\n",
       "3       2007-03-06 0:00:00  1.30813  1.31113  1.30798  1.31071   191415\n",
       "4       2007-03-06 4:00:00  1.31078  1.31262  1.30923  1.31211   187099\n",
       "...                    ...      ...      ...      ...      ...      ...\n",
       "25841   2023-03-10 0:00:00  1.05855  1.05993  1.05791  1.05967    62976\n",
       "25842   2023-03-10 4:00:00  1.05967  1.06066  1.05809  1.05948    58412\n",
       "25843   2023-03-10 8:00:00  1.05946  1.06036  1.05738  1.05894    86765\n",
       "25844  2023-03-10 12:00:00  1.05896  1.07004  1.05806  1.06872   219311\n",
       "25845  2023-03-10 16:00:00  1.06873  1.06873  1.06551  1.06585    43114\n",
       "\n",
       "[25846 rows x 6 columns]"
      ]
     },
     "execution_count": 6,
     "metadata": {},
     "output_type": "execute_result"
    }
   ],
   "source": [
    "print(data_exness)\n",
    "data_init"
   ]
  },
  {
   "cell_type": "code",
   "execution_count": null,
   "metadata": {},
   "outputs": [],
   "source": [
    "data_exness.to_csv('EURUSD_H4_Exness.csv', index=False)"
   ]
  }
 ],
 "metadata": {
  "kernelspec": {
   "display_name": "base",
   "language": "python",
   "name": "python3"
  },
  "language_info": {
   "codemirror_mode": {
    "name": "ipython",
    "version": 3
   },
   "file_extension": ".py",
   "mimetype": "text/x-python",
   "name": "python",
   "nbconvert_exporter": "python",
   "pygments_lexer": "ipython3",
   "version": "3.10.9"
  },
  "orig_nbformat": 4
 },
 "nbformat": 4,
 "nbformat_minor": 2
}
